Na_sites, every z layer has 25 grid, totaly z from 0 to 8
4
2
4
2
4
0
3
0
3
0
4
2
4
2
4
0
3
0
3
0
4
2
4
2
4
1
0
1
0
1
5
1
5
1
5
1
0
1
0
1
5
1
5
1
5
1
0
1
0
1
3
2
3
2
3
0
4
0
4
0
3
2
3
2
3
0
4
0
4
0
3
2
3
2
3
1
0
1
0
1
5
1
5
1
5
1
0
1
0
1
5
1
5
1
5
1
0
1
0
1
4
2
4
2
4
0
3
0
3
0
4
2
4
2
4
0
3
0
3
0
4
2
4
2
4
1
0
1
0
1
5
1
5
1
5
1
0
1
0
1
5
1
5
1
5
1
0
1
0
1
3
2
3
2
3
0
4
0
4
0
3
2
3
2
3
0
4
0
4
0
3
2
3
2
3
1
0
1
0
1
5
1
5
1
5
1
0
1
0
1
5
1
5
1
5
1
0
1
0
1
4
2
4
2
4
0
3
0
3
0
4
2
4
2
4
0
3
0
3
0
4
2
4
2
4